% score file

%SR = 48000;                     % sample rate (Hz)
%Tf = (1-egy_on)*15+egy_on*0.1;  % duration (s)
Tf = 15;
exc = [];                       % initialise excitation array

% each row of exc contains a single excitation, with parameters:
% string index
% time of occurrence (s)
% position along string (0-1)
% duration (s)
% force (N)
% type (0 for struck, 1 for plucked)

% exc = event_gen(exc,1,0.01,0.3,0.002,1,1);
% exc = event_gen(exc,1,0.1,0.5,0.002,1,1);
% exc = event_gen(exc,1,0.2,0.7,0.002,1,1);
% exc = event_gen(exc,1,0.3,0.1,0.002,1,1);
% exc = event_gen(exc,1,0.4,0.9,0.002,1,1);
%exc = strum_gen(exc,0,1,0,1,0.1,0.0005,0.1,0.3,0.1,size(string_def,1),0.1,1);
%exc = cluster_gen(exc, 0,20, 2,1,0.1, 0.002,0.1, 0.6,0.1, size(string_def,1), 1);
%exc = cluster_gen(exc, 5,20, 2,1,0.1, 0.002,0.1, 0.8,0.1, size(string_def,1), 1);
%exc = cluster_gen(exc, 9,20, 3,1,0.1, 0.002,0.1, 0.4,0.1, size(string_def,1), 0);

%exc = [ 5.000000000000000   1.311481398313174   0.596324661579384   0.002050253411861   0.985165950706300   1;   6.000000000000000   0.071423357148379   0.592893507425580   0.001951019023092   1.033082862789629   1;   1.000000000000000   1.698258611737554   0.615931007288940   0.002001191410333   1.008526409115272   1;   6.000000000000000   1.867986495515101   0.617711994068224   0.002039815344531   1.004972360829114   1;   4.000000000000000   1.357470309715547   0.581212356273263   0.002078180650507   1.041719366382981   1;   1.000000000000000   1.515480261156667   0.599385863747294   0.002091858285041   0.978583901882037   1;   2.000000000000000   1.486264936249832   0.596735172042654   0.002009443105993   1.025720022911072   1;   4.000000000000000   0.784454039068336   0.608778780606676   0.001927724888566   1.025372909427849   1;   6.000000000000000   1.310955780355113   0.612561889851484   0.001929858801112   0.988044584697536   1;   6.000000000000000   0.342373375623124   0.615281200918942   0.001951501650825   1.006782164072522   1;   1.000000000000000   1.412092176039218   0.586561504619915   0.002068143451197   0.957585428956306   1;   6.000000000000000   0.063665692754841   0.610782160611220   0.001950856435794   0.955395011866661   1;   6.000000000000000   0.553845969921780   0.609305880238430   0.002062856965214   1.003079755300897   1;   3.000000000000000   0.092342781262308   0.579756704111678   0.001948704993745   1.027916723010201   1;   5.000000000000000   0.194263562471695   0.577139860893503   0.002085852724637   1.043401068422918   1;   1.000000000000000   1.646915656654585   0.599901843118929   0.001969996753197   0.962990620847373   1;   3.000000000000000   1.389657245951634   0.627584637510965   0.001939319050086   1.006882366087219   1;   6.000000000000000   0.634198960121721   0.590423143599968   0.001950216771595   0.996939064105821   1;   5.000000000000000   1.900444097676710   0.605116065058787   0.002023208935229   0.951190206950124   1;   6.000000000000000   0.068892161005818   0.583428716369468   0.001994657769781   0.983712264439888   1;   1.000000000000000   5.213305540361169   0.828242489417752   0.002056050413664   1.004700889228634   1;   5.000000000000000   6.923796161710108   0.809764410518805   0.001977947767392   0.979632080560777   1;   2.000000000000000   5.009268448268135   0.788076190471382   0.001948338257183   1.024469280707416   1;   4.000000000000000   6.549820929423005   0.801059963189364   0.001980782429118   0.968895501503254   1;   1.000000000000000   6.634606441306866   0.792144642700155   0.001919290905034   1.018677543336532   1;   4.000000000000000   6.737389410727019   0.766077335335267   0.001926394658521   0.968351115573727   1;   2.000000000000000   5.168871691021820   0.779193292284293   0.002088410118155   0.986848459649034   1;   4.000000000000000   5.799565298197793   0.769865514786813   0.002091226908046   1.012561856072969   1;   5.000000000000000   5.519740805701309   0.774712623062593   0.002015041719016   1.028022743515138   1;   5.000000000000000   6.600136960448615   0.779196202053192   0.001911955908589   0.958112576886579   1;   3.000000000000000   5.862827654927090   0.793381365526750   0.001946955982674   1.042938597096873   1;   1.000000000000000   6.821295188859046   0.763972354426059   0.001970631714244   1.027571267860840   1;   2.000000000000000   5.363694056605705   0.832217288793223   0.002064238808040   0.998679163240317   1;   6.000000000000000   5.527605833043980   0.835582975177732   0.001903080687530   0.993585858858092   1;   1.000000000000000   5.291077960769434   0.799269127397446   0.001908604760332   0.994678374942981   1;   5.000000000000000   5.272137117417327   0.799140211072002   0.001933798005893   0.980634947201656   1;   4.000000000000000   6.738584415280179   0.787017552785710   0.002029823094991   1.000850865538113   1;   6.000000000000000   6.159409174731140   0.832004307713413   0.002046344477132   1.001077156417211   1;   1.000000000000000   6.099720403672664   0.789539742489617   0.002029549192627   1.031762770832226   1;   3.000000000000000   5.289909596447454   0.768896220423503   0.001990184741286   1.029483141688345   1;   4.000000000000000   9.933306859951239   0.383420631883602   0.001907547773248   0.953054094630464    0;   3.000000000000000  11.770138926309730   0.390499289387933   0.002077033601640   1.024407426036746    0;   5.000000000000000  10.290622173988751   0.412040584910790   0.002082657365528   1.000002243559020    0;   4.000000000000000   9.554448960372408   0.381168811102486   0.002059236774717   0.997992214114606    0;   3.000000000000000  11.714642906039678   0.417154165579122   0.001919742455731   1.040472223806736    0;   6.000000000000000  11.939245135068255   0.409213234514218   0.001952374236774   1.010986664842256    0;   6.000000000000000  10.316609919378310   0.399544358952143   0.001967071367993   1.011766638958846    0;   4.000000000000000   9.333357670321796   0.403141002440938   0.002035945590275   1.035944230564621    0;   4.000000000000000   9.774194087736200   0.389491343190861   0.001927310627471   1.030548942452969    0;   4.000000000000000  10.226159538337656   0.398353953127197   0.002044245499716   1.007672151561469    0;   2.000000000000000  10.784688222025842   0.418523541571477   0.001921352372321   0.968292246941491    0;   2.000000000000000   9.786635243342536   0.401872228749559   0.002030751469734   0.973993201056872    0;   3.000000000000000  10.808529268146248   0.400845433232160   0.001998834787328   1.038651193307610    0;   2.000000000000000  11.133647341301049   0.389263775468341   0.002055810344646   0.952867415246411    0;   6.000000000000000   9.665240202051720   0.399555909756807   0.002043007415680   0.998990138851222    0;   2.000000000000000   9.352252952567417   0.404962403526948   0.002080744112111   0.966792714568226    0;   2.000000000000000   9.890027619654982   0.407165421634630   0.002078184500866   1.047868064964116    0;   2.000000000000000   9.956334905777647   0.395820608626744   0.001966832610547   1.021269447167891    0;   2.000000000000000  10.272500279141422   0.394697465941779   0.002039749166467   1.000047162415484    0;   3.000000000000000  10.523574853983355   0.419519280126465   0.001939561965337   0.997108837454194    0];


